A = [1 2; 2 2];
B = [3 4; 5 5];
C = A + B
